00100000110011111111111111111100
00011001111000000000000000000110
10001100101010000000000000000000
10101100100010000000000000000000
00100000110001101111111111111100
00100100101001010000000000000100
00100100100001000000000000000100
00001000000100000000000000000000
00010000110000000000000000000110
10010000101010000000000000000000
10100000100010000000000000000000
00100000110001101111111111111111
00100100101001010000000000000001
00100100100001000000000000000001
00001000000100000000000000001000
00000011111000000000000000001000
00100000110011111111111111111100
00011001111000001111111111110110
00000000100001011100000000100110
00110001000110000000000000000011
00000000000001000100100000100011
00110001001010010000000000000011
00010001001000000000000000000111
10010000101010000000000000000000
10100000100010000000000000000000
00100000110001101111111111111111
00100001001010011111111111111111
00100100101001010000000000000001
00100100100001000000000000000001
00001000000100000000000000010110
00010011000000001111111111100001
00100000110011111111111111111100
00011001111000001111111111100111
10001000101010000000000000000000
10011000101010000000000000000001
10101100100010000000000000000000
00100000110001101111111111111100
00100100101001010000000000000100
00100100100001000000000000000100
00001000000100000000000000011111